-0.781885921233795
0.353950244108184
-0.338479599110488
-0.911174851895390
0.144759101843759
-0.000003133394295
-0.572694694396905
0.692426707723876
-0.209190941558113
-0.781888560064625
0.353948358476511
0.338475475332090
-0.572696315144581
0.692425558255354
0.209190308647105
-0.692421313392287
0.209194501832281
-0.572699915620324
-0.781888277989343
-0.353943162045592
-0.338481561033147
-0.692422704893785
-0.209186711125064
-0.572701079152156
-0.911175813833343
-0.144753047714343
-0.000003941177787
0.353944789373041
0.338474209165813
0.781890724117809
0.692422695069188
0.209186755806886
0.572701074494934
0.209189820613880
0.572695204006523
0.692426624749681
0.338478743032574
0.781886326291016
0.353950167468646
0.572699274014937
0.692421768818325
0.209194749866881
0.781888271846326
0.353943171313254
0.338481564935064
0.353948636227313
-0.338476554246671
-0.781887967113828
0.692425786743255
-0.209191352278212
-0.572695657137009
0.209191420852188
-0.572696573601220
-0.692425008170555
0.338476299327796
-0.781888569877189
-0.353947548599250
0.572696302080331
-0.692425574014441
-0.209190291573742
0.781888560715501
-0.353948381231733
-0.338475449414309
-0.781890907076238
-0.353945050890155
0.338473513082360
-0.572700919602155
-0.692422909075405
0.209186472539936
-0.692427152045509
-0.209189909693947
0.572694533845230
-0.338481517926020
-0.781888276885894
0.353943205941161
-0.209195212674274
-0.572699014594592
0.692421844013624
-0.353950866098203
-0.338478526412543
0.781886104147687
-0.353942513446938
0.338480882128957
-0.781888865653152
-0.209186017846925
0.572700398956530
-0.692423476987598
-0.338473554759601
0.781890518347845
-0.353945869640634
-0.572699295874193
-0.692421739623373
-0.209194788067913
-0.353944770256931
-0.338474181596423
-0.781890744790641
-0.209189829079039
-0.572695170054220
-0.692426650160726
-0.338478767390868
-0.781886299508162
-0.353950203624537
-0.692425766584014
0.209191331372679
0.572695689557950
-0.209191411528668
0.572696583928132
0.692425002848200
-0.353948618864919
0.338476547966918
0.781887977967486
-0.338476328149094
0.781888561806675
0.353947539409387
0.353950895065126
0.338478509690349
-0.781886098222618
0.692427185529747
0.209189889375922
-0.572694500609544
0.209195243216230
0.572699015068982
-0.692421834325356
0.572700915218530
0.692422912654021
-0.209186471834819
0.338481515974637
0.781888262685421
-0.353943238560358
0.781890925463860
0.353945024209463
-0.338473498118835
0.692421301962885
-0.209194514105781
0.572699924627343
0.353942541029701
-0.338480864931565
0.781888860629956
0.338473548699591
-0.781890527078707
0.353945856501626
0.209186009043394
-0.572700415460722
0.692423466182346
0.572694658912827
-0.692426737397482
0.209190940111871
0.781885917266877
-0.353950238251328
0.338479613887906
0.144759659609893
0.000002043319938
-0.911174763595841
-0.144752522945712
0.000003008276100
-0.911175897574166
0.144752533894014
-0.000002992689306
0.911175895679799
-0.144759616461410
-0.000002030756044
0.911174770381289
-0.000003618702559
-0.911175733600661
0.144753554609198
-0.000002482972049
-0.911174928880932
-0.144758618313181
0.000002451952578
0.911174934006628
0.144758585205010
0.000003575214755
0.911175730046536
-0.144753574665509
0.911175812542956
0.144753054883171
0.000003969042556
0.911174847533740
-0.144759128950366
0.000003176371751
